1 26 2 4 1 1 5 24 25
2 26 2 4 1 5 6 26 27
3 26 2 4 1 6 7 28 29
4 26 2 4 1 7 8 30 31
5 26 2 4 1 8 9 32 33
6 26 2 4 1 9 10 34 35
7 26 2 4 1 10 11 36 37
8 26 2 4 1 11 12 38 39
9 26 2 4 1 12 13 40 41
10 26 2 4 1 13 14 42 43
11 26 2 4 1 14 15 44 45
12 26 2 4 1 15 16 46 47
13 26 2 4 1 16 17 48 49
14 26 2 4 1 17 18 50 51
15 26 2 4 1 18 19 52 53
16 26 2 4 1 19 20 54 55
17 26 2 4 1 20 21 56 57
18 26 2 4 1 21 22 58 59
19 26 2 4 1 22 23 60 61
20 26 2 4 1 23 2 62 63
21 26 2 2 2 3 64 83 84
22 26 2 2 2 64 65 85 86
23 26 2 2 2 65 66 87 88
24 26 2 2 2 66 67 89 90
25 26 2 2 2 67 68 91 92
26 26 2 2 2 68 69 93 94
27 26 2 2 2 69 70 95 96
28 26 2 2 2 70 71 97 98
29 26 2 2 2 71 72 99 100
30 26 2 2 2 72 73 101 102
31 26 2 2 2 73 74 103 104
32 26 2 2 2 74 75 105 106
33 26 2 2 2 75 76 107 108
34 26 2 2 2 76 77 109 110
35 26 2 2 2 77 78 111 112
36 26 2 2 2 78 79 113 114
37 26 2 2 2 79 80 115 116
38 26 2 2 2 80 81 117 118
39 26 2 2 2 81 82 119 120
40 26 2 2 2 82 4 121 122
41 26 2 1 3 1 123 142 143
42 26 2 1 3 123 124 144 145
43 26 2 1 3 124 125 146 147
44 26 2 1 3 125 126 148 149
45 26 2 1 3 126 127 150 151
46 26 2 1 3 127 128 152 153
47 26 2 1 3 128 129 154 155
48 26 2 1 3 129 130 156 157
49 26 2 1 3 130 131 158 159
50 26 2 1 3 131 132 160 161
51 26 2 1 3 132 133 162 163
52 26 2 1 3 133 134 164 165
53 26 2 1 3 134 135 166 167
54 26 2 1 3 135 136 168 169
55 26 2 1 3 136 137 170 171
56 26 2 1 3 137 138 172 173
57 26 2 1 3 138 139 174 175
58 26 2 1 3 139 140 176 177
59 26 2 1 3 140 141 178 179
60 26 2 1 3 141 3 180 181
61 26 2 3 4 2 182 201 202
62 26 2 3 4 182 183 203 204
63 26 2 3 4 183 184 205 206
64 26 2 3 4 184 185 207 208
65 26 2 3 4 185 186 209 210
66 26 2 3 4 186 187 211 212
67 26 2 3 4 187 188 213 214
68 26 2 3 4 188 189 215 216
69 26 2 3 4 189 190 217 218
70 26 2 3 4 190 191 219 220
71 26 2 3 4 191 192 221 222
72 26 2 3 4 192 193 223 224
73 26 2 3 4 193 194 225 226
74 26 2 3 4 194 195 227 228
75 26 2 3 4 195 196 229 230
76 26 2 3 4 196 197 231 232
77 26 2 3 4 197 198 233 234
78 26 2 3 4 198 199 235 236
79 26 2 3 4 199 200 237 238
80 26 2 3 4 200 4 239 240