1.0000000000000 0.0000000000000 0.0102558174092
0.0000000000000 0.0000000000000 0.0102558174092
0.0000000000000 1.0000000000000 0.0102558174092
0.7839656651012 0.0421382841642 0.1116047046647
0.1738960507345 0.7839656651012 0.1116047046647
0.1738960507345 0.0421382841642 0.1116047046647
0.0421382841642 0.1738960507345 0.1116047046647
0.7839656651012 0.1738960507345 0.1116047046647
0.0421382841642 0.7839656651012 0.1116047046647
0.4743880861752 0.4743880861752 0.1679775595335
0.4743880861752 0.0512238276497 0.1679775595335
0.0512238276497 0.4743880861752 0.1679775595335
0.2385615300181 0.5228769399639 0.2652238803946
0.5228769399639 0.2385615300181 0.2652238803946
0.2385615300181 0.2385615300181 0.2652238803946