81 21 2 5 5 1 5 241 24 25 602 603 604 605 606
82 21 2 5 5 1 241 123 605 604 607 608 143 142 609
83 21 2 5 5 123 241 242 608 607 610 611 612 613 614
84 21 2 5 5 123 242 124 613 612 615 616 145 144 617
85 21 2 5 5 124 242 243 616 615 618 619 620 621 622
86 21 2 5 5 124 243 125 621 620 623 624 147 146 625
87 21 2 5 5 125 243 244 624 623 626 627 628 629 630
88 21 2 5 5 125 244 126 629 628 631 632 149 148 633
89 21 2 5 5 126 244 245 632 631 634 635 636 637 638
90 21 2 5 5 126 245 127 637 636 639 640 151 150 641
91 21 2 5 5 127 245 246 640 639 642 643 644 645 646
92 21 2 5 5 127 246 128 645 644 647 648 153 152 649
93 21 2 5 5 128 246 247 648 647 650 651 652 653 654
94 21 2 5 5 128 247 129 653 652 655 656 155 154 657
95 21 2 5 5 129 247 248 656 655 658 659 660 661 662
96 21 2 5 5 129 248 130 661 660 663 664 157 156 665
97 21 2 5 5 130 248 249 664 663 666 667 668 669 670
98 21 2 5 5 130 249 131 669 668 671 672 159 158 673
99 21 2 5 5 131 249 250 672 671 674 675 676 677 678
100 21 2 5 5 131 250 132 677 676 679 680 161 160 681
101 21 2 5 5 132 250 251 680 679 682 683 684 685 686
102 21 2 5 5 132 251 133 685 684 687 688 163 162 689
103 21 2 5 5 133 251 252 688 687 690 691 692 693 694
104 21 2 5 5 133 252 134 693 692 695 696 165 164 697
105 21 2 5 5 134 252 253 696 695 698 699 700 701 702
106 21 2 5 5 134 253 135 701 700 703 704 167 166 705
107 21 2 5 5 135 253 254 704 703 706 707 708 709 710
108 21 2 5 5 135 254 136 709 708 711 712 169 168 713
109 21 2 5 5 136 254 255 712 711 714 715 716 717 718
110 21 2 5 5 136 255 137 717 716 719 720 171 170 721
111 21 2 5 5 137 255 256 720 719 722 723 724 725 726
112 21 2 5 5 137 256 138 725 724 727 728 173 172 729
113 21 2 5 5 138 256 257 728 727 730 731 732 733 734
114 21 2 5 5 138 257 139 733 732 735 736 175 174 737
115 21 2 5 5 139 257 258 736 735 738 739 740 741 742
116 21 2 5 5 139 258 140 741 740 743 744 177 176 745
117 21 2 5 5 140 258 259 744 743 746 747 748 749 750
118 21 2 5 5 140 259 141 749 748 751 752 179 178 753
119 21 2 5 5 141 259 64 752 751 754 755 756 757 758
120 21 2 5 5 141 64 3 757 756 84 83 181 180 759
121 21 2 5 5 5 6 260 26 27 760 761 762 763 764
122 21 2 5 5 5 260 241 763 762 765 766 603 602 767
123 21 2 5 5 241 260 261 766 765 768 769 770 771 772
124 21 2 5 5 241 261 242 771 770 773 774 611 610 775
125 21 2 5 5 242 261 262 774 773 776 777 778 779 780
126 21 2 5 5 242 262 243 779 778 781 782 619 618 783
127 21 2 5 5 243 262 263 782 781 784 785 786 787 788
128 21 2 5 5 243 263 244 787 786 789 790 627 626 791
129 21 2 5 5 244 263 264 790 789 792 793 794 795 796
130 21 2 5 5 244 264 245 795 794 797 798 635 634 799
131 21 2 5 5 245 264 265 798 797 800 801 802 803 804
132 21 2 5 5 245 265 246 803 802 805 806 643 642 807
133 21 2 5 5 246 265 266 806 805 808 809 810 811 812
134 21 2 5 5 246 266 247 811 810 813 814 651 650 815
135 21 2 5 5 247 266 267 814 813 816 817 818 819 820
136 21 2 5 5 247 267 248 819 818 821 822 659 658 823
137 21 2 5 5 248 267 268 822 821 824 825 826 827 828
138 21 2 5 5 248 268 249 827 826 829 830 667 666 831
139 21 2 5 5 249 268 269 830 829 832 833 834 835 836
140 21 2 5 5 249 269 250 835 834 837 838 675 674 839
141 21 2 5 5 250 269 270 838 837 840 841 842 843 844
142 21 2 5 5 250 270 251 843 842 845 846 683 682 847
143 21 2 5 5 251 270 271 846 845 848 849 850 851 852
144 21 2 5 5 251 271 252 851 850 853 854 691 690 855
145 21 2 5 5 252 271 272 854 853 856 857 858 859 860
146 21 2 5 5 252 272 253 859 858 861 862 699 698 863
147 21 2 5 5 253 272 273 862 861 864 865 866 867 868
148 21 2 5 5 253 273 254 867 866 869 870 707 706 871
149 21 2 5 5 254 273 274 870 869 872 873 874 875 876
150 21 2 5 5 254 274 255 875 874 877 878 715 714 879
151 21 2 5 5 255 274 275 878 877 880 881 882 883 884
152 21 2 5 5 255 275 256 883 882 885 886 723 722 887
153 21 2 5 5 256 275 276 886 885 888 889 890 891 892
154 21 2 5 5 256 276 257 891 890 893 894 731 730 895
155 21 2 5 5 257 276 277 894 893 896 897 898 899 900
156 21 2 5 5 257 277 258 899 898 901 902 739 738 903
157 21 2 5 5 258 277 278 902 901 904 905 906 907 908
158 21 2 5 5 258 278 259 907 906 909 910 747 746 911
159 21 2 5 5 259 278 65 910 909 912 913 914 915 916
160 21 2 5 5 259 65 64 915 914 86 85 755 754 917
161 21 2 5 5 6 7 279 28 29 918 919 920 921 922
162 21 2 5 5 6 279 260 921 920 923 924 761 760 925
163 21 2 5 5 260 279 280 924 923 926 927 928 929 930
164 21 2 5 5 260 280 261 929 928 931 932 769 768 933
165 21 2 5 5 261 280 281 932 931 934 935 936 937 938
166 21 2 5 5 261 281 262 937 936 939 940 777 776 941
167 21 2 5 5 262 281 282 940 939 942 943 944 945 946
168 21 2 5 5 262 282 263 945 944 947 948 785 784 949
169 21 2 5 5 263 282 283 948 947 950 951 952 953 954
170 21 2 5 5 263 283 264 953 952 955 956 793 792 957
171 21 2 5 5 264 283 284 956 955 958 959 960 961 962
172 21 2 5 5 264 284 265 961 960 963 964 801 800 965
173 21 2 5 5 265 284 285 964 963 966 967 968 969 970
174 21 2 5 5 265 285 266 969 968 971 972 809 808 973
175 21 2 5 5 266 285 286 972 971 974 975 976 977 978
176 21 2 5 5 266 286 267 977 976 979 980 817 816 981
177 21 2 5 5 267 286 287 980 979 982 983 984 985 986
178 21 2 5 5 267 287 268 985 984 987 988 825 824 989
179 21 2 5 5 268 287 288 988 987 990 991 992 993 994
180 21 2 5 5 268 288 269 993 992 995 996 833 832 997
181 21 2 5 5 269 288 289 996 995 998 999 1000 1001 1002
182 21 2 5 5 269 289 270 1001 1000 1003 1004 841 840 1005
183 21 2 5 5 270 289 290 1004 1003 1006 1007 1008 1009 1010
184 21 2 5 5 270 290 271 1009 1008 1011 1012 849 848 1013
185 21 2 5 5 271 290 291 1012 1011 1014 1015 1016 1017 1018
186 21 2 5 5 271 291 272 1017 1016 1019 1020 857 856 1021
187 21 2 5 5 272 291 292 1020 1019 1022 1023 1024 1025 1026
188 21 2 5 5 272 292 273 1025 1024 1027 1028 865 864 1029
189 21 2 5 5 273 292 293 1028 1027 1030 1031 1032 1033 1034
190 21 2 5 5 273 293 274 1033 1032 1035 1036 873 872 1037
191 21 2 5 5 274 293 294 1036 1035 1038 1039 1040 1041 1042
192 21 2 5 5 274 294 275 1041 1040 1043 1044 881 880 1045
193 21 2 5 5 275 294 295 1044 1043 1046 1047 1048 1049 1050
194 21 2 5 5 275 295 276 1049 1048 1051 1052 889 888 1053
195 21 2 5 5 276 295 296 1052 1051 1054 1055 1056 1057 1058
196 21 2 5 5 276 296 277 1057 1056 1059 1060 897 896 1061
197 21 2 5 5 277 296 297 1060 1059 1062 1063 1064 1065 1066
198 21 2 5 5 277 297 278 1065 1064 1067 1068 905 904 1069
199 21 2 5 5 278 297 66 1068 1067 1070 1071 1072 1073 1074
200 21 2 5 5 278 66 65 1073 1072 88 87 913 912 1075
201 21 2 5 5 7 8 298 30 31 1076 1077 1078 1079 1080
202 21 2 5 5 7 298 279 1079 1078 1081 1082 919 918 1083
203 21 2 5 5 279 298 299 1082 1081 1084 1085 1086 1087 1088
204 21 2 5 5 279 299 280 1087 1086 1089 1090 927 926 1091
205 21 2 5 5 280 299 300 1090 1089 1092 1093 1094 1095 1096
206 21 2 5 5 280 300 281 1095 1094 1097 1098 935 934 1099
207 21 2 5 5 281 300 301 1098 1097 1100 1101 1102 1103 1104
208 21 2 5 5 281 301 282 1103 1102 1105 1106 943 942 1107
209 21 2 5 5 282 301 302 1106 1105 1108 1109 1110 1111 1112
210 21 2 5 5 282 302 283 1111 1110 1113 1114 951 950 1115
211 21 2 5 5 283 302 303 1114 1113 1116 1117 1118 1119 1120
212 21 2 5 5 283 303 284 1119 1118 1121 1122 959 958 1123
213 21 2 5 5 284 303 304 1122 1121 1124 1125 1126 1127 1128
214 21 2 5 5 284 304 285 1127 1126 1129 1130 967 966 1131
215 21 2 5 5 285 304 305 1130 1129 1132 1133 1134 1135 1136
216 21 2 5 5 285 305 286 1135 1134 1137 1138 975 974 1139
217 21 2 5 5 286 305 306 1138 1137 1140 1141 1142 1143 1144
218 21 2 5 5 286 306 287 1143 1142 1145 1146 983 982 1147
219 21 2 5 5 287 306 307 1146 1145 1148 1149 1150 1151 1152
220 21 2 5 5 287 307 288 1151 1150 1153 1154 991 990 1155
221 21 2 5 5 288 307 308 1154 1153 1156 1157 1158 1159 1160
222 21 2 5 5 288 308 289 1159 1158 1161 1162 999 998 1163
223 21 2 5 5 289 308 309 1162 1161 1164 1165 1166 1167 1168
224 21 2 5 5 289 309 290 1167 1166 1169 1170 1007 1006 1171
225 21 2 5 5 290 309 310 1170 1169 1172 1173 1174 1175 1176
226 21 2 5 5 290 310 291 1175 1174 1177 1178 1015 1014 1179
227 21 2 5 5 291 310 311 1178 1177 1180 1181 1182 1183 1184
228 21 2 5 5 291 311 292 1183 1182 1185 1186 1023 1022 1187
229 21 2 5 5 292 311 312 1186 1185 1188 1189 1190 1191 1192
230 21 2 5 5 292 312 293 1191 1190 1193 1194 1031 1030 1195
231 21 2 5 5 293 312 313 1194 1193 1196 1197 1198 1199 1200
232 21 2 5 5 293 313 294 1199 1198 1201 1202 1039 1038 1203
233 21 2 5 5 294 313 314 1202 1201 1204 1205 1206 1207 1208
234 21 2 5 5 294 314 295 1207 1206 1209 1210 1047 1046 1211
235 21 2 5 5 295 314 315 1210 1209 1212 1213 1214 1215 1216
236 21 2 5 5 295 315 296 1215 1214 1217 1218 1055 1054 1219
237 21 2 5 5 296 315 316 1218 1217 1220 1221 1222 1223 1224
238 21 2 5 5 296 316 297 1223 1222 1225 1226 1063 1062 1227
239 21 2 5 5 297 316 67 1226 1225 1228 1229 1230 1231 1232
240 21 2 5 5 297 67 66 1231 1230 90 89 1071 1070 1233
241 21 2 5 5 8 9 317 32 33 1234 1235 1236 1237 1238
242 21 2 5 5 8 317 298 1237 1236 1239 1240 1077 1076 1241
243 21 2 5 5 298 317 318 1240 1239 1242 1243 1244 1245 1246
244 21 2 5 5 298 318 299 1245 1244 1247 1248 1085 1084 1249
245 21 2 5 5 299 318 319 1248 1247 1250 1251 1252 1253 1254
246 21 2 5 5 299 319 300 1253 1252 1255 1256 1093 1092 1257
247 21 2 5 5 300 319 320 1256 1255 1258 1259 1260 1261 1262
248 21 2 5 5 300 320 301 1261 1260 1263 1264 1101 1100 1265
249 21 2 5 5 301 320 321 1264 1263 1266 1267 1268 1269 1270
250 21 2 5 5 301 321 302 1269 1268 1271 1272 1109 1108 1273
251 21 2 5 5 302 321 322 1272 1271 1274 1275 1276 1277 1278
252 21 2 5 5 302 322 303 1277 1276 1279 1280 1117 1116 1281
253 21 2 5 5 303 322 323 1280 1279 1282 1283 1284 1285 1286
254 21 2 5 5 303 323 304 1285 1284 1287 1288 1125 1124 1289
255 21 2 5 5 304 323 324 1288 1287 1290 1291 1292 1293 1294
256 21 2 5 5 304 324 305 1293 1292 1295 1296 1133 1132 1297
257 21 2 5 5 305 324 325 1296 1295 1298 1299 1300 1301 1302
258 21 2 5 5 305 325 306 1301 1300 1303 1304 1141 1140 1305
259 21 2 5 5 306 325 326 1304 1303 1306 1307 1308 1309 1310
260 21 2 5 5 306 326 307 1309 1308 1311 1312 1149 1148 1313
261 21 2 5 5 307 326 327 1312 1311 1314 1315 1316 1317 1318
262 21 2 5 5 307 327 308 1317 1316 1319 1320 1157 1156 1321
263 21 2 5 5 308 327 328 1320 1319 1322 1323 1324 1325 1326
264 21 2 5 5 308 328 309 1325 1324 1327 1328 1165 1164 1329
265 21 2 5 5 309 328 329 1328 1327 1330 1331 1332 1333 1334
266 21 2 5 5 309 329 310 1333 1332 1335 1336 1173 1172 1337
267 21 2 5 5 310 329 330 1336 1335 1338 1339 1340 1341 1342
268 21 2 5 5 310 330 311 1341 1340 1343 1344 1181 1180 1345
269 21 2 5 5 311 330 331 1344 1343 1346 1347 1348 1349 1350
270 21 2 5 5 311 331 312 1349 1348 1351 1352 1189 1188 1353
271 21 2 5 5 312 331 332 1352 1351 1354 1355 1356 1357 1358
272 21 2 5 5 312 332 313 1357 1356 1359 1360 1197 1196 1361
273 21 2 5 5 313 332 333 1360 1359 1362 1363 1364 1365 1366
274 21 2 5 5 313 333 314 1365 1364 1367 1368 1205 1204 1369
275 21 2 5 5 314 333 334 1368 1367 1370 1371 1372 1373 1374
276 21 2 5 5 314 334 315 1373 1372 1375 1376 1213 1212 1377
277 21 2 5 5 315 334 335 1376 1375 1378 1379 1380 1381 1382
278 21 2 5 5 315 335 316 1381 1380 1383 1384 1221 1220 1385
279 21 2 5 5 316 335 68 1384 1383 1386 1387 1388 1389 1390
280 21 2 5 5 316 68 67 1389 1388 92 91 1229 1228 1391
281 21 2 5 5 9 10 336 34 35 1392 1393 1394 1395 1396
282 21 2 5 5 9 336 317 1395 1394 1397 1398 1235 1234 1399
283 21 2 5 5 317 336 337 1398 1397 1400 1401 1402 1403 1404
284 21 2 5 5 317 337 318 1403 1402 1405 1406 1243 1242 1407
285 21 2 5 5 318 337 338 1406 1405 1408 1409 1410 1411 1412
286 21 2 5 5 318 338 319 1411 1410 1413 1414 1251 1250 1415
287 21 2 5 5 319 338 339 1414 1413 1416 1417 1418 1419 1420
288 21 2 5 5 319 339 320 1419 1418 1421 1422 1259 1258 1423
289 21 2 5 5 320 339 340 1422 1421 1424 1425 1426 1427 1428
290 21 2 5 5 320 340 321 1427 1426 1429 1430 1267 1266 1431
291 21 2 5 5 321 340 341 1430 1429 1432 1433 1434 1435 1436
292 21 2 5 5 321 341 322 1435 1434 1437 1438 1275 1274 1439
293 21 2 5 5 322 341 342 1438 1437 1440 1441 1442 1443 1444
294 21 2 5 5 322 342 323 1443 1442 1445 1446 1283 1282 1447
295 21 2 5 5 323 342 343 1446 1445 1448 1449 1450 1451 1452
296 21 2 5 5 323 343 324 1451 1450 1453 1454 1291 1290 1455
297 21 2 5 5 324 343 344 1454 1453 1456 1457 1458 1459 1460
298 21 2 5 5 324 344 325 1459 1458 1461 1462 1299 1298 1463
299 21 2 5 5 325 344 345 1462 1461 1464 1465 1466 1467 1468
300 21 2 5 5 325 345 326 1467 1466 1469 1470 1307 1306 1471
301 21 2 5 5 326 345 346 1470 1469 1472 1473 1474 1475 1476
302 21 2 5 5 326 346 327 1475 1474 1477 1478 1315 1314 1479
303 21 2 5 5 327 346 347 1478 1477 1480 1481 1482 1483 1484
304 21 2 5 5 327 347 328 1483 1482 1485 1486 1323 1322 1487
305 21 2 5 5 328 347 348 1486 1485 1488 1489 1490 1491 1492
306 21 2 5 5 328 348 329 1491 1490 1493 1494 1331 1330 1495
307 21 2 5 5 329 348 349 1494 1493 1496 1497 1498 1499 1500
308 21 2 5 5 329 349 330 1499 1498 1501 1502 1339 1338 1503
309 21 2 5 5 330 349 350 1502 1501 1504 1505 1506 1507 1508
310 21 2 5 5 330 350 331 1507 1506 1509 1510 1347 1346 1511
311 21 2 5 5 331 350 351 1510 1509 1512 1513 1514 1515 1516
312 21 2 5 5 331 351 332 1515 1514 1517 1518 1355 1354 1519
313 21 2 5 5 332 351 352 1518 1517 1520 1521 1522 1523 1524
314 21 2 5 5 332 352 333 1523 1522 1525 1526 1363 1362 1527
315 21 2 5 5 333 352 353 1526 1525 1528 1529 1530 1531 1532
316 21 2 5 5 333 353 334 1531 1530 1533 1534 1371 1370 1535
317 21 2 5 5 334 353 354 1534 1533 1536 1537 1538 1539 1540
318 21 2 5 5 334 354 335 1539 1538 1541 1542 1379 1378 1543
319 21 2 5 5 335 354 69 1542 1541 1544 1545 1546 1547 1548
320 21 2 5 5 335 69 68 1547 1546 94 93 1387 1386 1549
321 21 2 5 5 10 11 355 36 37 1550 1551 1552 1553 1554
322 21 2 5 5 10 355 336 1553 1552 1555 1556 1393 1392 1557
323 21 2 5 5 336 355 356 1556 1555 1558 1559 1560 1561 1562
324 21 2 5 5 336 356 337 1561 1560 1563 1564 1401 1400 1565
325 21 2 5 5 337 356 357 1564 1563 1566 1567 1568 1569 1570
326 21 2 5 5 337 357 338 1569 1568 1571 1572 1409 1408 1573
327 21 2 5 5 338 357 358 1572 1571 1574 1575 1576 1577 1578
328 21 2 5 5 338 358 339 1577 1576 1579 1580 1417 1416 1581
329 21 2 5 5 339 358 359 1580 1579 1582 1583 1584 1585 1586
330 21 2 5 5 339 359 340 1585 1584 1587 1588 1425 1424 1589
331 21 2 5 5 340 359 360 1588 1587 1590 1591 1592 1593 1594
332 21 2 5 5 340 360 341 1593 1592 1595 1596 1433 1432 1597
333 21 2 5 5 341 360 361 1596 1595 1598 1599 1600 1601 1602
334 21 2 5 5 341 361 342 1601 1600 1603 1604 1441 1440 1605
335 21 2 5 5 342 361 362 1604 1603 1606 1607 1608 1609 1610
336 21 2 5 5 342 362 343 1609 1608 1611 1612 1449 1448 1613
337 21 2 5 5 343 362 363 1612 1611 1614 1615 1616 1617 1618
338 21 2 5 5 343 363 344 1617 1616 1619 1620 1457 1456 1621
339 21 2 5 5 344 363 364 1620 1619 1622 1623 1624 1625 1626
340 21 2 5 5 344 364 345 1625 1624 1627 1628 1465 1464 1629
341 21 2 5 5 345 364 365 1628 1627 1630 1631 1632 1633 1634
342 21 2 5 5 345 365 346 1633 1632 1635 1636 1473 1472 1637
343 21 2 5 5 346 365 366 1636 1635 1638 1639 1640 1641 1642
344 21 2 5 5 346 366 347 1641 1640 1643 1644 1481 1480 1645
345 21 2 5 5 347 366 367 1644 1643 1646 1647 1648 1649 1650
346 21 2 5 5 347 367 348 1649 1648 1651 1652 1489 1488 1653
347 21 2 5 5 348 367 368 1652 1651 1654 1655 1656 1657 1658
348 21 2 5 5 348 368 349 1657 1656 1659 1660 1497 1496 1661
349 21 2 5 5 349 368 369 1660 1659 1662 1663 1664 1665 1666
350 21 2 5 5 349 369 350 1665 1664 1667 1668 1505 1504 1669
351 21 2 5 5 350 369 370 1668 1667 1670 1671 1672 1673 1674
352 21 2 5 5 350 370 351 1673 1672 1675 1676 1513 1512 1677
353 21 2 5 5 351 370 371 1676 1675 1678 1679 1680 1681 1682
354 21 2 5 5 351 371 352 1681 1680 1683 1684 1521 1520 1685
355 21 2 5 5 352 371 372 1684 1683 1686 1687 1688 1689 1690
356 21 2 5 5 352 372 353 1689 1688 1691 1692 1529 1528 1693
357 21 2 5 5 353 372 373 1692 1691 1694 1695 1696 1697 1698
358 21 2 5 5 353 373 354 1697 1696 1699 1700 1537 1536 1701
359 21 2 5 5 354 373 70 1700 1699 1702 1703 1704 1705 1706
360 21 2 5 5 354 70 69 1705 1704 96 95 1545 1544 1707
361 21 2 5 5 11 12 374 38 39 1708 1709 1710 1711 1712
362 21 2 5 5 11 374 355 1711 1710 1713 1714 1551 1550 1715
363 21 2 5 5 355 374 375 1714 1713 1716 1717 1718 1719 1720
364 21 2 5 5 355 375 356 1719 1718 1721 1722 1559 1558 1723
365 21 2 5 5 356 375 376 1722 1721 1724 1725 1726 1727 1728
366 21 2 5 5 356 376 357 1727 1726 1729 1730 1567 1566 1731
367 21 2 5 5 357 376 377 1730 1729 1732 1733 1734 1735 1736
368 21 2 5 5 357 377 358 1735 1734 1737 1738 1575 1574 1739
369 21 2 5 5 358 377 378 1738 1737 1740 1741 1742 1743 1744
370 21 2 5 5 358 378 359 1743 1742 1745 1746 1583 1582 1747
371 21 2 5 5 359 378 379 1746 1745 1748 1749 1750 1751 1752
372 21 2 5 5 359 379 360 1751 1750 1753 1754 1591 1590 1755
373 21 2 5 5 360 379 380 1754 1753 1756 1757 1758 1759 1760
374 21 2 5 5 360 380 361 1759 1758 1761 1762 1599 1598 1763
375 21 2 5 5 361 380 381 1762 1761 1764 1765 1766 1767 1768
376 21 2 5 5 361 381 362 1767 1766 1769 1770 1607 1606 1771
377 21 2 5 5 362 381 382 1770 1769 1772 1773 1774 1775 1776
378 21 2 5 5 362 382 363 1775 1774 1777 1778 1615 1614 1779
379 21 2 5 5 363 382 383 1778 1777 1780 1781 1782 1783 1784
380 21 2 5 5 363 383 364 1783 1782 1785 1786 1623 1622 1787
381 21 2 5 5 364 383 384 1786 1785 1788 1789 1790 1791 1792
382 21 2 5 5 364 384 365 1791 1790 1793 1794 1631 1630 1795
383 21 2 5 5 365 384 385 1794 1793 1796 1797 1798 1799 1800
384 21 2 5 5 365 385 366 1799 1798 1801 1802 1639 1638 1803
385 21 2 5 5 366 385 386 1802 1801 1804 1805 1806 1807 1808
386 21 2 5 5 366 386 367 1807 1806 1809 1810 1647 1646 1811
387 21 2 5 5 367 386 387 1810 1809 1812 1813 1814 1815 1816
388 21 2 5 5 367 387 368 1815 1814 1817 1818 1655 1654 1819
389 21 2 5 5 368 387 388 1818 1817 1820 1821 1822 1823 1824
390 21 2 5 5 368 388 369 1823 1822 1825 1826 1663 1662 1827
391 21 2 5 5 369 388 389 1826 1825 1828 1829 1830 1831 1832
392 21 2 5 5 369 389 370 1831 1830 1833 1834 1671 1670 1835
393 21 2 5 5 370 389 390 1834 1833 1836 1837 1838 1839 1840
394 21 2 5 5 370 390 371 1839 1838 1841 1842 1679 1678 1843
395 21 2 5 5 371 390 391 1842 1841 1844 1845 1846 1847 1848
396 21 2 5 5 371 391 372 1847 1846 1849 1850 1687 1686 1851
397 21 2 5 5 372 391 392 1850 1849 1852 1853 1854 1855 1856
398 21 2 5 5 372 392 373 1855 1854 1857 1858 1695 1694 1859
399 21 2 5 5 373 392 71 1858 1857 1860 1861 1862 1863 1864
400 21 2 5 5 373 71 70 1863 1862 98 97 1703 1702 1865
401 21 2 5 5 12 13 393 40 41 1866 1867 1868 1869 1870
402 21 2 5 5 12 393 374 1869 1868 1871 1872 1709 1708 1873
403 21 2 5 5 374 393 394 1872 1871 1874 1875 1876 1877 1878
404 21 2 5 5 374 394 375 1877 1876 1879 1880 1717 1716 1881
405 21 2 5 5 375 394 395 1880 1879 1882 1883 1884 1885 1886
406 21 2 5 5 375 395 376 1885 1884 1887 1888 1725 1724 1889
407 21 2 5 5 376 395 396 1888 1887 1890 1891 1892 1893 1894
408 21 2 5 5 376 396 377 1893 1892 1895 1896 1733 1732 1897
409 21 2 5 5 377 396 397 1896 1895 1898 1899 1900 1901 1902
410 21 2 5 5 377 397 378 1901 1900 1903 1904 1741 1740 1905
411 21 2 5 5 378 397 398 1904 1903 1906 1907 1908 1909 1910
412 21 2 5 5 378 398 379 1909 1908 1911 1912 1749 1748 1913
413 21 2 5 5 379 398 399 1912 1911 1914 1915 1916 1917 1918
414 21 2 5 5 379 399 380 1917 1916 1919 1920 1757 1756 1921
415 21 2 5 5 380 399 400 1920 1919 1922 1923 1924 1925 1926
416 21 2 5 5 380 400 381 1925 1924 1927 1928 1765 1764 1929
417 21 2 5 5 381 400 401 1928 1927 1930 1931 1932 1933 1934
418 21 2 5 5 381 401 382 1933 1932 1935 1936 1773 1772 1937
419 21 2 5 5 382 401 402 1936 1935 1938 1939 1940 1941 1942
420 21 2 5 5 382 402 383 1941 1940 1943 1944 1781 1780 1945
421 21 2 5 5 383 402 403 1944 1943 1946 1947 1948 1949 1950
422 21 2 5 5 383 403 384 1949 1948 1951 1952 1789 1788 1953
423 21 2 5 5 384 403 404 1952 1951 1954 1955 1956 1957 1958
424 21 2 5 5 384 404 385 1957 1956 1959 1960 1797 1796 1961
425 21 2 5 5 385 404 405 1960 1959 1962 1963 1964 1965 1966
426 21 2 5 5 385 405 386 1965 1964 1967 1968 1805 1804 1969
427 21 2 5 5 386 405 406 1968 1967 1970 1971 1972 1973 1974
428 21 2 5 5 386 406 387 1973 1972 1975 1976 1813 1812 1977
429 21 2 5 5 387 406 407 1976 1975 1978 1979 1980 1981 1982
430 21 2 5 5 387 407 388 1981 1980 1983 1984 1821 1820 1985
431 21 2 5 5 388 407 408 1984 1983 1986 1987 1988 1989 1990
432 21 2 5 5 388 408 389 1989 1988 1991 1992 1829 1828 1993
433 21 2 5 5 389 408 409 1992 1991 1994 1995 1996 1997 1998
434 21 2 5 5 389 409 390 1997 1996 1999 2000 1837 1836 2001
435 21 2 5 5 390 409 410 2000 1999 2002 2003 2004 2005 2006
436 21 2 5 5 390 410 391 2005 2004 2007 2008 1845 1844 2009
437 21 2 5 5 391 410 411 2008 2007 2010 2011 2012 2013 2014
438 21 2 5 5 391 411 392 2013 2012 2015 2016 1853 1852 2017
439 21 2 5 5 392 411 72 2016 2015 2018 2019 2020 2021 2022
440 21 2 5 5 392 72 71 2021 2020 100 99 1861 1860 2023
441 21 2 5 5 13 14 412 42 43 2024 2025 2026 2027 2028
442 21 2 5 5 13 412 393 2027 2026 2029 2030 1867 1866 2031
443 21 2 5 5 393 412 413 2030 2029 2032 2033 2034 2035 2036
444 21 2 5 5 393 413 394 2035 2034 2037 2038 1875 1874 2039
445 21 2 5 5 394 413 414 2038 2037 2040 2041 2042 2043 2044
446 21 2 5 5 394 414 395 2043 2042 2045 2046 1883 1882 2047
447 21 2 5 5 395 414 415 2046 2045 2048 2049 2050 2051 2052
448 21 2 5 5 395 415 396 2051 2050 2053 2054 1891 1890 2055
449 21 2 5 5 396 415 416 2054 2053 2056 2057 2058 2059 2060
450 21 2 5 5 396 416 397 2059 2058 2061 2062 1899 1898 2063
451 21 2 5 5 397 416 417 2062 2061 2064 2065 2066 2067 2068
452 21 2 5 5 397 417 398 2067 2066 2069 2070 1907 1906 2071
453 21 2 5 5 398 417 418 2070 2069 2072 2073 2074 2075 2076
454 21 2 5 5 398 418 399 2075 2074 2077 2078 1915 1914 2079
455 21 2 5 5 399 418 419 2078 2077 2080 2081 2082 2083 2084
456 21 2 5 5 399 419 400 2083 2082 2085 2086 1923 1922 2087
457 21 2 5 5 400 419 420 2086 2085 2088 2089 2090 2091 2092
458 21 2 5 5 400 420 401 2091 2090 2093 2094 1931 1930 2095
459 21 2 5 5 401 420 421 2094 2093 2096 2097 2098 2099 2100
460 21 2 5 5 401 421 402 2099 2098 2101 2102 1939 1938 2103
461 21 2 5 5 402 421 422 2102 2101 2104 2105 2106 2107 2108
462 21 2 5 5 402 422 403 2107 2106 2109 2110 1947 1946 2111
463 21 2 5 5 403 422 423 2110 2109 2112 2113 2114 2115 2116
464 21 2 5 5 403 423 404 2115 2114 2117 2118 1955 1954 2119
465 21 2 5 5 404 423 424 2118 2117 2120 2121 2122 2123 2124
466 21 2 5 5 404 424 405 2123 2122 2125 2126 1963 1962 2127
467 21 2 5 5 405 424 425 2126 2125 2128 2129 2130 2131 2132
468 21 2 5 5 405 425 406 2131 2130 2133 2134 1971 1970 2135
469 21 2 5 5 406 425 426 2134 2133 2136 2137 2138 2139 2140
470 21 2 5 5 406 426 407 2139 2138 2141 2142 1979 1978 2143
471 21 2 5 5 407 426 427 2142 2141 2144 2145 2146 2147 2148
472 21 2 5 5 407 427 408 2147 2146 2149 2150 1987 1986 2151
473 21 2 5 5 408 427 428 2150 2149 2152 2153 2154 2155 2156
474 21 2 5 5 408 428 409 2155 2154 2157 2158 1995 1994 2159
475 21 2 5 5 409 428 429 2158 2157 2160 2161 2162 2163 2164
476 21 2 5 5 409 429 410 2163 2162 2165 2166 2003 2002 2167
477 21 2 5 5 410 429 430 2166 2165 2168 2169 2170 2171 2172
478 21 2 5 5 410 430 411 2171 2170 2173 2174 2011 2010 2175
479 21 2 5 5 411 430 73 2174 2173 2176 2177 2178 2179 2180
480 21 2 5 5 411 73 72 2179 2178 102 101 2019 2018 2181
481 21 2 5 5 14 15 431 44 45 2182 2183 2184 2185 2186
482 21 2 5 5 14 431 412 2185 2184 2187 2188 2025 2024 2189
483 21 2 5 5 412 431 432 2188 2187 2190 2191 2192 2193 2194
484 21 2 5 5 412 432 413 2193 2192 2195 2196 2033 2032 2197
485 21 2 5 5 413 432 433 2196 2195 2198 2199 2200 2201 2202
486 21 2 5 5 413 433 414 2201 2200 2203 2204 2041 2040 2205
487 21 2 5 5 414 433 434 2204 2203 2206 2207 2208 2209 2210
488 21 2 5 5 414 434 415 2209 2208 2211 2212 2049 2048 2213
489 21 2 5 5 415 434 435 2212 2211 2214 2215 2216 2217 2218
490 21 2 5 5 415 435 416 2217 2216 2219 2220 2057 2056 2221
491 21 2 5 5 416 435 436 2220 2219 2222 2223 2224 2225 2226
492 21 2 5 5 416 436 417 2225 2224 2227 2228 2065 2064 2229
493 21 2 5 5 417 436 437 2228 2227 2230 2231 2232 2233 2234
494 21 2 5 5 417 437 418 2233 2232 2235 2236 2073 2072 2237
495 21 2 5 5 418 437 438 2236 2235 2238 2239 2240 2241 2242
496 21 2 5 5 418 438 419 2241 2240 2243 2244 2081 2080 2245
497 21 2 5 5 419 438 439 2244 2243 2246 2247 2248 2249 2250
498 21 2 5 5 419 439 420 2249 2248 2251 2252 2089 2088 2253
499 21 2 5 5 420 439 440 2252 2251 2254 2255 2256 2257 2258
500 21 2 5 5 420 440 421 2257 2256 2259 2260 2097 2096 2261
501 21 2 5 5 421 440 441 2260 2259 2262 2263 2264 2265 2266
502 21 2 5 5 421 441 422 2265 2264 2267 2268 2105 2104 2269
503 21 2 5 5 422 441 442 2268 2267 2270 2271 2272 2273 2274
504 21 2 5 5 422 442 423 2273 2272 2275 2276 2113 2112 2277
505 21 2 5 5 423 442 443 2276 2275 2278 2279 2280 2281 2282
506 21 2 5 5 423 443 424 2281 2280 2283 2284 2121 2120 2285
507 21 2 5 5 424 443 444 2284 2283 2286 2287 2288 2289 2290
508 21 2 5 5 424 444 425 2289 2288 2291 2292 2129 2128 2293
509 21 2 5 5 425 444 445 2292 2291 2294 2295 2296 2297 2298
510 21 2 5 5 425 445 426 2297 2296 2299 2300 2137 2136 2301
511 21 2 5 5 426 445 446 2300 2299 2302 2303 2304 2305 2306
512 21 2 5 5 426 446 427 2305 2304 2307 2308 2145 2144 2309
513 21 2 5 5 427 446 447 2308 2307 2310 2311 2312 2313 2314
514 21 2 5 5 427 447 428 2313 2312 2315 2316 2153 2152 2317
515 21 2 5 5 428 447 448 2316 2315 2318 2319 2320 2321 2322
516 21 2 5 5 428 448 429 2321 2320 2323 2324 2161 2160 2325
517 21 2 5 5 429 448 449 2324 2323 2326 2327 2328 2329 2330
518 21 2 5 5 429 449 430 2329 2328 2331 2332 2169 2168 2333
519 21 2 5 5 430 449 74 2332 2331 2334 2335 2336 2337 2338
520 21 2 5 5 430 74 73 2337 2336 104 103 2177 2176 2339
521 21 2 5 5 15 16 450 46 47 2340 2341 2342 2343 2344
522 21 2 5 5 15 450 431 2343 2342 2345 2346 2183 2182 2347
523 21 2 5 5 431 450 451 2346 2345 2348 2349 2350 2351 2352
524 21 2 5 5 431 451 432 2351 2350 2353 2354 2191 2190 2355
525 21 2 5 5 432 451 452 2354 2353 2356 2357 2358 2359 2360
526 21 2 5 5 432 452 433 2359 2358 2361 2362 2199 2198 2363
527 21 2 5 5 433 452 453 2362 2361 2364 2365 2366 2367 2368
528 21 2 5 5 433 453 434 2367 2366 2369 2370 2207 2206 2371
529 21 2 5 5 434 453 454 2370 2369 2372 2373 2374 2375 2376
530 21 2 5 5 434 454 435 2375 2374 2377 2378 2215 2214 2379
531 21 2 5 5 435 454 455 2378 2377 2380 2381 2382 2383 2384
532 21 2 5 5 435 455 436 2383 2382 2385 2386 2223 2222 2387
533 21 2 5 5 436 455 456 2386 2385 2388 2389 2390 2391 2392
534 21 2 5 5 436 456 437 2391 2390 2393 2394 2231 2230 2395
535 21 2 5 5 437 456 457 2394 2393 2396 2397 2398 2399 2400
536 21 2 5 5 437 457 438 2399 2398 2401 2402 2239 2238 2403
537 21 2 5 5 438 457 458 2402 2401 2404 2405 2406 2407 2408
538 21 2 5 5 438 458 439 2407 2406 2409 2410 2247 2246 2411
539 21 2 5 5 439 458 459 2410 2409 2412 2413 2414 2415 2416
540 21 2 5 5 439 459 440 2415 2414 2417 2418 2255 2254 2419
541 21 2 5 5 440 459 460 2418 2417 2420 2421 2422 2423 2424
542 21 2 5 5 440 460 441 2423 2422 2425 2426 2263 2262 2427
543 21 2 5 5 441 460 461 2426 2425 2428 2429 2430 2431 2432
544 21 2 5 5 441 461 442 2431 2430 2433 2434 2271 2270 2435
545 21 2 5 5 442 461 462 2434 2433 2436 2437 2438 2439 2440
546 21 2 5 5 442 462 443 2439 2438 2441 2442 2279 2278 2443
547 21 2 5 5 443 462 463 2442 2441 2444 2445 2446 2447 2448
548 21 2 5 5 443 463 444 2447 2446 2449 2450 2287 2286 2451
549 21 2 5 5 444 463 464 2450 2449 2452 2453 2454 2455 2456
550 21 2 5 5 444 464 445 2455 2454 2457 2458 2295 2294 2459
551 21 2 5 5 445 464 465 2458 2457 2460 2461 2462 2463 2464
552 21 2 5 5 445 465 446 2463 2462 2465 2466 2303 2302 2467
553 21 2 5 5 446 465 466 2466 2465 2468 2469 2470 2471 2472
554 21 2 5 5 446 466 447 2471 2470 2473 2474 2311 2310 2475
555 21 2 5 5 447 466 467 2474 2473 2476 2477 2478 2479 2480
556 21 2 5 5 447 467 448 2479 2478 2481 2482 2319 2318 2483
557 21 2 5 5 448 467 468 2482 2481 2484 2485 2486 2487 2488
558 21 2 5 5 448 468 449 2487 2486 2489 2490 2327 2326 2491
559 21 2 5 5 449 468 75 2490 2489 2492 2493 2494 2495 2496
560 21 2 5 5 449 75 74 2495 2494 106 105 2335 2334 2497
561 21 2 5 5 16 17 469 48 49 2498 2499 2500 2501 2502
562 21 2 5 5 16 469 450 2501 2500 2503 2504 2341 2340 2505
563 21 2 5 5 450 469 470 2504 2503 2506 2507 2508 2509 2510
564 21 2 5 5 450 470 451 2509 2508 2511 2512 2349 2348 2513
565 21 2 5 5 451 470 471 2512 2511 2514 2515 2516 2517 2518
566 21 2 5 5 451 471 452 2517 2516 2519 2520 2357 2356 2521
567 21 2 5 5 452 471 472 2520 2519 2522 2523 2524 2525 2526
568 21 2 5 5 452 472 453 2525 2524 2527 2528 2365 2364 2529
569 21 2 5 5 453 472 473 2528 2527 2530 2531 2532 2533 2534
570 21 2 5 5 453 473 454 2533 2532 2535 2536 2373 2372 2537
571 21 2 5 5 454 473 474 2536 2535 2538 2539 2540 2541 2542
572 21 2 5 5 454 474 455 2541 2540 2543 2544 2381 2380 2545
573 21 2 5 5 455 474 475 2544 2543 2546 2547 2548 2549 2550
574 21 2 5 5 455 475 456 2549 2548 2551 2552 2389 2388 2553
575 21 2 5 5 456 475 476 2552 2551 2554 2555 2556 2557 2558
576 21 2 5 5 456 476 457 2557 2556 2559 2560 2397 2396 2561
577 21 2 5 5 457 476 477 2560 2559 2562 2563 2564 2565 2566
578 21 2 5 5 457 477 458 2565 2564 2567 2568 2405 2404 2569
579 21 2 5 5 458 477 478 2568 2567 2570 2571 2572 2573 2574
580 21 2 5 5 458 478 459 2573 2572 2575 2576 2413 2412 2577
581 21 2 5 5 459 478 479 2576 2575 2578 2579 2580 2581 2582
582 21 2 5 5 459 479 460 2581 2580 2583 2584 2421 2420 2585
583 21 2 5 5 460 479 480 2584 2583 2586 2587 2588 2589 2590
584 21 2 5 5 460 480 461 2589 2588 2591 2592 2429 2428 2593
585 21 2 5 5 461 480 481 2592 2591 2594 2595 2596 2597 2598
586 21 2 5 5 461 481 462 2597 2596 2599 2600 2437 2436 2601
587 21 2 5 5 462 481 482 2600 2599 2602 2603 2604 2605 2606
588 21 2 5 5 462 482 463 2605 2604 2607 2608 2445 2444 2609
589 21 2 5 5 463 482 483 2608 2607 2610 2611 2612 2613 2614
590 21 2 5 5 463 483 464 2613 2612 2615 2616 2453 2452 2617
591 21 2 5 5 464 483 484 2616 2615 2618 2619 2620 2621 2622
592 21 2 5 5 464 484 465 2621 2620 2623 2624 2461 2460 2625
593 21 2 5 5 465 484 485 2624 2623 2626 2627 2628 2629 2630
594 21 2 5 5 465 485 466 2629 2628 2631 2632 2469 2468 2633
595 21 2 5 5 466 485 486 2632 2631 2634 2635 2636 2637 2638
596 21 2 5 5 466 486 467 2637 2636 2639 2640 2477 2476 2641
597 21 2 5 5 467 486 487 2640 2639 2642 2643 2644 2645 2646
598 21 2 5 5 467 487 468 2645 2644 2647 2648 2485 2484 2649
599 21 2 5 5 468 487 76 2648 2647 2650 2651 2652 2653 2654
600 21 2 5 5 468 76 75 2653 2652 108 107 2493 2492 2655
601 21 2 5 5 17 18 488 50 51 2656 2657 2658 2659 2660
602 21 2 5 5 17 488 469 2659 2658 2661 2662 2499 2498 2663
603 21 2 5 5 469 488 489 2662 2661 2664 2665 2666 2667 2668
604 21 2 5 5 469 489 470 2667 2666 2669 2670 2507 2506 2671
605 21 2 5 5 470 489 490 2670 2669 2672 2673 2674 2675 2676
606 21 2 5 5 470 490 471 2675 2674 2677 2678 2515 2514 2679
607 21 2 5 5 471 490 491 2678 2677 2680 2681 2682 2683 2684
608 21 2 5 5 471 491 472 2683 2682 2685 2686 2523 2522 2687
609 21 2 5 5 472 491 492 2686 2685 2688 2689 2690 2691 2692
610 21 2 5 5 472 492 473 2691 2690 2693 2694 2531 2530 2695
611 21 2 5 5 473 492 493 2694 2693 2696 2697 2698 2699 2700
612 21 2 5 5 473 493 474 2699 2698 2701 2702 2539 2538 2703
613 21 2 5 5 474 493 494 2702 2701 2704 2705 2706 2707 2708
614 21 2 5 5 474 494 475 2707 2706 2709 2710 2547 2546 2711
615 21 2 5 5 475 494 495 2710 2709 2712 2713 2714 2715 2716
616 21 2 5 5 475 495 476 2715 2714 2717 2718 2555 2554 2719
617 21 2 5 5 476 495 496 2718 2717 2720 2721 2722 2723 2724
618 21 2 5 5 476 496 477 2723 2722 2725 2726 2563 2562 2727
619 21 2 5 5 477 496 497 2726 2725 2728 2729 2730 2731 2732
620 21 2 5 5 477 497 478 2731 2730 2733 2734 2571 2570 2735
621 21 2 5 5 478 497 498 2734 2733 2736 2737 2738 2739 2740
622 21 2 5 5 478 498 479 2739 2738 2741 2742 2579 2578 2743
623 21 2 5 5 479 498 499 2742 2741 2744 2745 2746 2747 2748
624 21 2 5 5 479 499 480 2747 2746 2749 2750 2587 2586 2751
625 21 2 5 5 480 499 500 2750 2749 2752 2753 2754 2755 2756
626 21 2 5 5 480 500 481 2755 2754 2757 2758 2595 2594 2759
627 21 2 5 5 481 500 501 2758 2757 2760 2761 2762 2763 2764
628 21 2 5 5 481 501 482 2763 2762 2765 2766 2603 2602 2767
629 21 2 5 5 482 501 502 2766 2765 2768 2769 2770 2771 2772
630 21 2 5 5 482 502 483 2771 2770 2773 2774 2611 2610 2775
631 21 2 5 5 483 502 503 2774 2773 2776 2777 2778 2779 2780
632 21 2 5 5 483 503 484 2779 2778 2781 2782 2619 2618 2783
633 21 2 5 5 484 503 504 2782 2781 2784 2785 2786 2787 2788
634 21 2 5 5 484 504 485 2787 2786 2789 2790 2627 2626 2791
635 21 2 5 5 485 504 505 2790 2789 2792 2793 2794 2795 2796
636 21 2 5 5 485 505 486 2795 2794 2797 2798 2635 2634 2799
637 21 2 5 5 486 505 506 2798 2797 2800 2801 2802 2803 2804
638 21 2 5 5 486 506 487 2803 2802 2805 2806 2643 2642 2807
639 21 2 5 5 487 506 77 2806 2805 2808 2809 2810 2811 2812
640 21 2 5 5 487 77 76 2811 2810 110 109 2651 2650 2813
641 21 2 5 5 18 19 507 52 53 2814 2815 2816 2817 2818
642 21 2 5 5 18 507 488 2817 2816 2819 2820 2657 2656 2821
643 21 2 5 5 488 507 508 2820 2819 2822 2823 2824 2825 2826
644 21 2 5 5 488 508 489 2825 2824 2827 2828 2665 2664 2829
645 21 2 5 5 489 508 509 2828 2827 2830 2831 2832 2833 2834
646 21 2 5 5 489 509 490 2833 2832 2835 2836 2673 2672 2837
647 21 2 5 5 490 509 510 2836 2835 2838 2839 2840 2841 2842
648 21 2 5 5 490 510 491 2841 2840 2843 2844 2681 2680 2845
649 21 2 5 5 491 510 511 2844 2843 2846 2847 2848 2849 2850
650 21 2 5 5 491 511 492 2849 2848 2851 2852 2689 2688 2853
651 21 2 5 5 492 511 512 2852 2851 2854 2855 2856 2857 2858
652 21 2 5 5 492 512 493 2857 2856 2859 2860 2697 2696 2861
653 21 2 5 5 493 512 513 2860 2859 2862 2863 2864 2865 2866
654 21 2 5 5 493 513 494 2865 2864 2867 2868 2705 2704 2869
655 21 2 5 5 494 513 514 2868 2867 2870 2871 2872 2873 2874
656 21 2 5 5 494 514 495 2873 2872 2875 2876 2713 2712 2877
657 21 2 5 5 495 514 515 2876 2875 2878 2879 2880 2881 2882
658 21 2 5 5 495 515 496 2881 2880 2883 2884 2721 2720 2885
659 21 2 5 5 496 515 516 2884 2883 2886 2887 2888 2889 2890
660 21 2 5 5 496 516 497 2889 2888 2891 2892 2729 2728 2893
661 21 2 5 5 497 516 517 2892 2891 2894 2895 2896 2897 2898
662 21 2 5 5 497 517 498 2897 2896 2899 2900 2737 2736 2901
663 21 2 5 5 498 517 518 2900 2899 2902 2903 2904 2905 2906
664 21 2 5 5 498 518 499 2905 2904 2907 2908 2745 2744 2909
665 21 2 5 5 499 518 519 2908 2907 2910 2911 2912 2913 2914
666 21 2 5 5 499 519 500 2913 2912 2915 2916 2753 2752 2917
667 21 2 5 5 500 519 520 2916 2915 2918 2919 2920 2921 2922
668 21 2 5 5 500 520 501 2921 2920 2923 2924 2761 2760 2925
669 21 2 5 5 501 520 521 2924 2923 2926 2927 2928 2929 2930
670 21 2 5 5 501 521 502 2929 2928 2931 2932 2769 2768 2933
671 21 2 5 5 502 521 522 2932 2931 2934 2935 2936 2937 2938
672 21 2 5 5 502 522 503 2937 2936 2939 2940 2777 2776 2941
673 21 2 5 5 503 522 523 2940 2939 2942 2943 2944 2945 2946
674 21 2 5 5 503 523 504 2945 2944 2947 2948 2785 2784 2949
675 21 2 5 5 504 523 524 2948 2947 2950 2951 2952 2953 2954
676 21 2 5 5 504 524 505 2953 2952 2955 2956 2793 2792 2957
677 21 2 5 5 505 524 525 2956 2955 2958 2959 2960 2961 2962
678 21 2 5 5 505 525 506 2961 2960 2963 2964 2801 2800 2965
679 21 2 5 5 506 525 78 2964 2963 2966 2967 2968 2969 2970
680 21 2 5 5 506 78 77 2969 2968 112 111 2809 2808 2971
681 21 2 5 5 19 20 526 54 55 2972 2973 2974 2975 2976
682 21 2 5 5 19 526 507 2975 2974 2977 2978 2815 2814 2979
683 21 2 5 5 507 526 527 2978 2977 2980 2981 2982 2983 2984
684 21 2 5 5 507 527 508 2983 2982 2985 2986 2823 2822 2987
685 21 2 5 5 508 527 528 2986 2985 2988 2989 2990 2991 2992
686 21 2 5 5 508 528 509 2991 2990 2993 2994 2831 2830 2995
687 21 2 5 5 509 528 529 2994 2993 2996 2997 2998 2999 3000
688 21 2 5 5 509 529 510 2999 2998 3001 3002 2839 2838 3003
689 21 2 5 5 510 529 530 3002 3001 3004 3005 3006 3007 3008
690 21 2 5 5 510 530 511 3007 3006 3009 3010 2847 2846 3011
691 21 2 5 5 511 530 531 3010 3009 3012 3013 3014 3015 3016
692 21 2 5 5 511 531 512 3015 3014 3017 3018 2855 2854 3019
693 21 2 5 5 512 531 532 3018 3017 3020 3021 3022 3023 3024
694 21 2 5 5 512 532 513 3023 3022 3025 3026 2863 2862 3027
695 21 2 5 5 513 532 533 3026 3025 3028 3029 3030 3031 3032
696 21 2 5 5 513 533 514 3031 3030 3033 3034 2871 2870 3035
697 21 2 5 5 514 533 534 3034 3033 3036 3037 3038 3039 3040
698 21 2 5 5 514 534 515 3039 3038 3041 3042 2879 2878 3043
699 21 2 5 5 515 534 535 3042 3041 3044 3045 3046 3047 3048
700 21 2 5 5 515 535 516 3047 3046 3049 3050 2887 2886 3051
701 21 2 5 5 516 535 536 3050 3049 3052 3053 3054 3055 3056
702 21 2 5 5 516 536 517 3055 3054 3057 3058 2895 2894 3059
703 21 2 5 5 517 536 537 3058 3057 3060 3061 3062 3063 3064
704 21 2 5 5 517 537 518 3063 3062 3065 3066 2903 2902 3067
705 21 2 5 5 518 537 538 3066 3065 3068 3069 3070 3071 3072
706 21 2 5 5 518 538 519 3071 3070 3073 3074 2911 2910 3075
707 21 2 5 5 519 538 539 3074 3073 3076 3077 3078 3079 3080
708 21 2 5 5 519 539 520 3079 3078 3081 3082 2919 2918 3083
709 21 2 5 5 520 539 540 3082 3081 3084 3085 3086 3087 3088
710 21 2 5 5 520 540 521 3087 3086 3089 3090 2927 2926 3091
711 21 2 5 5 521 540 541 3090 3089 3092 3093 3094 3095 3096
712 21 2 5 5 521 541 522 3095 3094 3097 3098 2935 2934 3099
713 21 2 5 5 522 541 542 3098 3097 3100 3101 3102 3103 3104
714 21 2 5 5 522 542 523 3103 3102 3105 3106 2943 2942 3107
715 21 2 5 5 523 542 543 3106 3105 3108 3109 3110 3111 3112
716 21 2 5 5 523 543 524 3111 3110 3113 3114 2951 2950 3115
717 21 2 5 5 524 543 544 3114 3113 3116 3117 3118 3119 3120
718 21 2 5 5 524 544 525 3119 3118 3121 3122 2959 2958 3123
719 21 2 5 5 525 544 79 3122 3121 3124 3125 3126 3127 3128
720 21 2 5 5 525 79 78 3127 3126 114 113 2967 2966 3129
721 21 2 5 5 20 21 545 56 57 3130 3131 3132 3133 3134
722 21 2 5 5 20 545 526 3133 3132 3135 3136 2973 2972 3137
723 21 2 5 5 526 545 546 3136 3135 3138 3139 3140 3141 3142
724 21 2 5 5 526 546 527 3141 3140 3143 3144 2981 2980 3145
725 21 2 5 5 527 546 547 3144 3143 3146 3147 3148 3149 3150
726 21 2 5 5 527 547 528 3149 3148 3151 3152 2989 2988 3153
727 21 2 5 5 528 547 548 3152 3151 3154 3155 3156 3157 3158
728 21 2 5 5 528 548 529 3157 3156 3159 3160 2997 2996 3161
729 21 2 5 5 529 548 549 3160 3159 3162 3163 3164 3165 3166
730 21 2 5 5 529 549 530 3165 3164 3167 3168 3005 3004 3169
731 21 2 5 5 530 549 550 3168 3167 3170 3171 3172 3173 3174
732 21 2 5 5 530 550 531 3173 3172 3175 3176 3013 3012 3177
733 21 2 5 5 531 550 551 3176 3175 3178 3179 3180 3181 3182
734 21 2 5 5 531 551 532 3181 3180 3183 3184 3021 3020 3185
735 21 2 5 5 532 551 552 3184 3183 3186 3187 3188 3189 3190
736 21 2 5 5 532 552 533 3189 3188 3191 3192 3029 3028 3193
737 21 2 5 5 533 552 553 3192 3191 3194 3195 3196 3197 3198
738 21 2 5 5 533 553 534 3197 3196 3199 3200 3037 3036 3201
739 21 2 5 5 534 553 554 3200 3199 3202 3203 3204 3205 3206
740 21 2 5 5 534 554 535 3205 3204 3207 3208 3045 3044 3209
741 21 2 5 5 535 554 555 3208 3207 3210 3211 3212 3213 3214
742 21 2 5 5 535 555 536 3213 3212 3215 3216 3053 3052 3217
743 21 2 5 5 536 555 556 3216 3215 3218 3219 3220 3221 3222
744 21 2 5 5 536 556 537 3221 3220 3223 3224 3061 3060 3225
745 21 2 5 5 537 556 557 3224 3223 3226 3227 3228 3229 3230
746 21 2 5 5 537 557 538 3229 3228 3231 3232 3069 3068 3233
747 21 2 5 5 538 557 558 3232 3231 3234 3235 3236 3237 3238
748 21 2 5 5 538 558 539 3237 3236 3239 3240 3077 3076 3241
749 21 2 5 5 539 558 559 3240 3239 3242 3243 3244 3245 3246
750 21 2 5 5 539 559 540 3245 3244 3247 3248 3085 3084 3249
751 21 2 5 5 540 559 560 3248 3247 3250 3251 3252 3253 3254
752 21 2 5 5 540 560 541 3253 3252 3255 3256 3093 3092 3257
753 21 2 5 5 541 560 561 3256 3255 3258 3259 3260 3261 3262
754 21 2 5 5 541 561 542 3261 3260 3263 3264 3101 3100 3265
755 21 2 5 5 542 561 562 3264 3263 3266 3267 3268 3269 3270
756 21 2 5 5 542 562 543 3269 3268 3271 3272 3109 3108 3273
757 21 2 5 5 543 562 563 3272 3271 3274 3275 3276 3277 3278
758 21 2 5 5 543 563 544 3277 3276 3279 3280 3117 3116 3281
759 21 2 5 5 544 563 80 3280 3279 3282 3283 3284 3285 3286
760 21 2 5 5 544 80 79 3285 3284 116 115 3125 3124 3287
761 21 2 5 5 21 22 564 58 59 3288 3289 3290 3291 3292
762 21 2 5 5 21 564 545 3291 3290 3293 3294 3131 3130 3295
763 21 2 5 5 545 564 565 3294 3293 3296 3297 3298 3299 3300
764 21 2 5 5 545 565 546 3299 3298 3301 3302 3139 3138 3303
765 21 2 5 5 546 565 566 3302 3301 3304 3305 3306 3307 3308
766 21 2 5 5 546 566 547 3307 3306 3309 3310 3147 3146 3311
767 21 2 5 5 547 566 567 3310 3309 3312 3313 3314 3315 3316
768 21 2 5 5 547 567 548 3315 3314 3317 3318 3155 3154 3319
769 21 2 5 5 548 567 568 3318 3317 3320 3321 3322 3323 3324
770 21 2 5 5 548 568 549 3323 3322 3325 3326 3163 3162 3327
771 21 2 5 5 549 568 569 3326 3325 3328 3329 3330 3331 3332
772 21 2 5 5 549 569 550 3331 3330 3333 3334 3171 3170 3335
773 21 2 5 5 550 569 570 3334 3333 3336 3337 3338 3339 3340
774 21 2 5 5 550 570 551 3339 3338 3341 3342 3179 3178 3343
775 21 2 5 5 551 570 571 3342 3341 3344 3345 3346 3347 3348
776 21 2 5 5 551 571 552 3347 3346 3349 3350 3187 3186 3351
777 21 2 5 5 552 571 572 3350 3349 3352 3353 3354 3355 3356
778 21 2 5 5 552 572 553 3355 3354 3357 3358 3195 3194 3359
779 21 2 5 5 553 572 573 3358 3357 3360 3361 3362 3363 3364
780 21 2 5 5 553 573 554 3363 3362 3365 3366 3203 3202 3367
781 21 2 5 5 554 573 574 3366 3365 3368 3369 3370 3371 3372
782 21 2 5 5 554 574 555 3371 3370 3373 3374 3211 3210 3375
783 21 2 5 5 555 574 575 3374 3373 3376 3377 3378 3379 3380
784 21 2 5 5 555 575 556 3379 3378 3381 3382 3219 3218 3383
785 21 2 5 5 556 575 576 3382 3381 3384 3385 3386 3387 3388
786 21 2 5 5 556 576 557 3387 3386 3389 3390 3227 3226 3391
787 21 2 5 5 557 576 577 3390 3389 3392 3393 3394 3395 3396
788 21 2 5 5 557 577 558 3395 3394 3397 3398 3235 3234 3399
789 21 2 5 5 558 577 578 3398 3397 3400 3401 3402 3403 3404
790 21 2 5 5 558 578 559 3403 3402 3405 3406 3243 3242 3407
791 21 2 5 5 559 578 579 3406 3405 3408 3409 3410 3411 3412
792 21 2 5 5 559 579 560 3411 3410 3413 3414 3251 3250 3415
793 21 2 5 5 560 579 580 3414 3413 3416 3417 3418 3419 3420
794 21 2 5 5 560 580 561 3419 3418 3421 3422 3259 3258 3423
795 21 2 5 5 561 580 581 3422 3421 3424 3425 3426 3427 3428
796 21 2 5 5 561 581 562 3427 3426 3429 3430 3267 3266 3431
797 21 2 5 5 562 581 582 3430 3429 3432 3433 3434 3435 3436
798 21 2 5 5 562 582 563 3435 3434 3437 3438 3275 3274 3439
799 21 2 5 5 563 582 81 3438 3437 3440 3441 3442 3443 3444
800 21 2 5 5 563 81 80 3443 3442 118 117 3283 3282 3445
801 21 2 5 5 22 23 583 60 61 3446 3447 3448 3449 3450
802 21 2 5 5 22 583 564 3449 3448 3451 3452 3289 3288 3453
803 21 2 5 5 564 583 584 3452 3451 3454 3455 3456 3457 3458
804 21 2 5 5 564 584 565 3457 3456 3459 3460 3297 3296 3461
805 21 2 5 5 565 584 585 3460 3459 3462 3463 3464 3465 3466
806 21 2 5 5 565 585 566 3465 3464 3467 3468 3305 3304 3469
807 21 2 5 5 566 585 586 3468 3467 3470 3471 3472 3473 3474
808 21 2 5 5 566 586 567 3473 3472 3475 3476 3313 3312 3477
809 21 2 5 5 567 586 587 3476 3475 3478 3479 3480 3481 3482
810 21 2 5 5 567 587 568 3481 3480 3483 3484 3321 3320 3485
811 21 2 5 5 568 587 588 3484 3483 3486 3487 3488 3489 3490
812 21 2 5 5 568 588 569 3489 3488 3491 3492 3329 3328 3493
813 21 2 5 5 569 588 589 3492 3491 3494 3495 3496 3497 3498
814 21 2 5 5 569 589 570 3497 3496 3499 3500 3337 3336 3501
815 21 2 5 5 570 589 590 3500 3499 3502 3503 3504 3505 3506
816 21 2 5 5 570 590 571 3505 3504 3507 3508 3345 3344 3509
817 21 2 5 5 571 590 591 3508 3507 3510 3511 3512 3513 3514
818 21 2 5 5 571 591 572 3513 3512 3515 3516 3353 3352 3517
819 21 2 5 5 572 591 592 3516 3515 3518 3519 3520 3521 3522
820 21 2 5 5 572 592 573 3521 3520 3523 3524 3361 3360 3525
821 21 2 5 5 573 592 593 3524 3523 3526 3527 3528 3529 3530
822 21 2 5 5 573 593 574 3529 3528 3531 3532 3369 3368 3533
823 21 2 5 5 574 593 594 3532 3531 3534 3535 3536 3537 3538
824 21 2 5 5 574 594 575 3537 3536 3539 3540 3377 3376 3541
825 21 2 5 5 575 594 595 3540 3539 3542 3543 3544 3545 3546
826 21 2 5 5 575 595 576 3545 3544 3547 3548 3385 3384 3549
827 21 2 5 5 576 595 596 3548 3547 3550 3551 3552 3553 3554
828 21 2 5 5 576 596 577 3553 3552 3555 3556 3393 3392 3557
829 21 2 5 5 577 596 597 3556 3555 3558 3559 3560 3561 3562
830 21 2 5 5 577 597 578 3561 3560 3563 3564 3401 3400 3565
831 21 2 5 5 578 597 598 3564 3563 3566 3567 3568 3569 3570
832 21 2 5 5 578 598 579 3569 3568 3571 3572 3409 3408 3573
833 21 2 5 5 579 598 599 3572 3571 3574 3575 3576 3577 3578
834 21 2 5 5 579 599 580 3577 3576 3579 3580 3417 3416 3581
835 21 2 5 5 580 599 600 3580 3579 3582 3583 3584 3585 3586
836 21 2 5 5 580 600 581 3585 3584 3587 3588 3425 3424 3589
837 21 2 5 5 581 600 601 3588 3587 3590 3591 3592 3593 3594
838 21 2 5 5 581 601 582 3593 3592 3595 3596 3433 3432 3597
839 21 2 5 5 582 601 82 3596 3595 3598 3599 3600 3601 3602
840 21 2 5 5 582 82 81 3601 3600 120 119 3441 3440 3603
841 21 2 5 5 23 2 182 62 63 201 202 3604 3605 3606
842 21 2 5 5 23 182 583 3605 3604 3607 3608 3447 3446 3609
843 21 2 5 5 583 182 183 3608 3607 203 204 3610 3611 3612
844 21 2 5 5 583 183 584 3611 3610 3613 3614 3455 3454 3615
845 21 2 5 5 584 183 184 3614 3613 205 206 3616 3617 3618
846 21 2 5 5 584 184 585 3617 3616 3619 3620 3463 3462 3621
847 21 2 5 5 585 184 185 3620 3619 207 208 3622 3623 3624
848 21 2 5 5 585 185 586 3623 3622 3625 3626 3471 3470 3627
849 21 2 5 5 586 185 186 3626 3625 209 210 3628 3629 3630
850 21 2 5 5 586 186 587 3629 3628 3631 3632 3479 3478 3633
851 21 2 5 5 587 186 187 3632 3631 211 212 3634 3635 3636
852 21 2 5 5 587 187 588 3635 3634 3637 3638 3487 3486 3639
853 21 2 5 5 588 187 188 3638 3637 213 214 3640 3641 3642
854 21 2 5 5 588 188 589 3641 3640 3643 3644 3495 3494 3645
855 21 2 5 5 589 188 189 3644 3643 215 216 3646 3647 3648
856 21 2 5 5 589 189 590 3647 3646 3649 3650 3503 3502 3651
857 21 2 5 5 590 189 190 3650 3649 217 218 3652 3653 3654
858 21 2 5 5 590 190 591 3653 3652 3655 3656 3511 3510 3657
859 21 2 5 5 591 190 191 3656 3655 219 220 3658 3659 3660
860 21 2 5 5 591 191 592 3659 3658 3661 3662 3519 3518 3663
861 21 2 5 5 592 191 192 3662 3661 221 222 3664 3665 3666
862 21 2 5 5 592 192 593 3665 3664 3667 3668 3527 3526 3669
863 21 2 5 5 593 192 193 3668 3667 223 224 3670 3671 3672
864 21 2 5 5 593 193 594 3671 3670 3673 3674 3535 3534 3675
865 21 2 5 5 594 193 194 3674 3673 225 226 3676 3677 3678
866 21 2 5 5 594 194 595 3677 3676 3679 3680 3543 3542 3681
867 21 2 5 5 595 194 195 3680 3679 227 228 3682 3683 3684
868 21 2 5 5 595 195 596 3683 3682 3685 3686 3551 3550 3687
869 21 2 5 5 596 195 196 3686 3685 229 230 3688 3689 3690
870 21 2 5 5 596 196 597 3689 3688 3691 3692 3559 3558 3693
871 21 2 5 5 597 196 197 3692 3691 231 232 3694 3695 3696
872 21 2 5 5 597 197 598 3695 3694 3697 3698 3567 3566 3699
873 21 2 5 5 598 197 198 3698 3697 233 234 3700 3701 3702
874 21 2 5 5 598 198 599 3701 3700 3703 3704 3575 3574 3705
875 21 2 5 5 599 198 199 3704 3703 235 236 3706 3707 3708
876 21 2 5 5 599 199 600 3707 3706 3709 3710 3583 3582 3711
877 21 2 5 5 600 199 200 3710 3709 237 238 3712 3713 3714
878 21 2 5 5 600 200 601 3713 3712 3715 3716 3591 3590 3717
879 21 2 5 5 601 200 4 3716 3715 239 240 3718 3719 3720
880 21 2 5 5 601 4 82 3719 3718 122 121 3599 3598 3721